Lap : 1 Time: 85.563319
Lap : 2 Time: 113.14522
Lap : 3 Time: 14.914547
